459
497
577
916
1212
2806
891
365
1182
508
1442
1985
2106
1737
2662
2209
538
910
1261
2862
343
2797
10
407
1702
1332
2951
220
1121
146
1364
1884
2937
309
1000
2831
1177
2278
860
1841
1238
2890
2879
2180
1275
77
716
2024
1401
661
1864
2538
796
608
39
1391
2880
1891
1438
851
2922
441
227
1378
1123
1884
2312
2129
607
2147
1023
2978
1468
23
199
2595
1958
723
1341
202
1791
1760
2638
879
620
2395
72
1550
2354
2860
2833
1063
999
1708
567
2908
2590
2329
2494
2966
410
160
2200
244
2187
1953
86
1002
1663
2792
229
2106
367
957
428
1409
466
1521
1937
2144
1600
1611
1196
2077
1476
894
236
598
421
2425
301
706
958
1756
1938
740
1032
2201
2471
2764
1169
2910
1560
356
2302
1286
1125
1828
1284
2926
2911
2282
876
2507
1644
2186
165
1654
534
2821
204
1520
2041
929
1542
888
2267
1605
1982
1102
1327
1183
137
1715
1834
52
39
1759
2686
1324
1308
2055
1348
1271
2820
2121
2172
1336
2214
525
2417
4
127
1458
2232
1847
1471
689
1774
892
665
2178
2289
190
2179
1522
783
855
1126
742
2251
1908
439
2294
1022
2180
1196
1952
705
1204
650
2840
1977
1800
947
274
803
135
2125
380
1839
1963
2565
2594
2034
132
1699
1519
1595
1225
239
1020
7
1138
897
1217
1999
1580
1254
1886
2975
1986
1550
1132
570
2436
819
1980
2321
1823
1668
1356
1786
1529
1439
2194
1781
2615
125
2486
1866
813
2518
1400
1918
1800
1854
515
2581
1684
552
149
2497
2790
158
35
992
1485
1299
598
2324
1705
2703
532
595
2960
706
605
903
2961
2148
571
1568
1887
2744
1100
1381
636
1105
256
2242
2127
1541
2601
1283
2099
2038
2979
1695
110
1207
2498
2456
2059
1828
2698
238
2668
2106
1104
2771
1551
2357
1707
689
2035
2232
2677
1744
2672
2015
2372
468
385
689
2527
2450
263
2954
2311
1067
1027
956
2533
2834
2879
2365
162
1815
1937
443
1670
894
1725
580
728
298
2662
2219
935
1514
1705
500
411
293
1487
1601
2219
2986
1685
1061
1636
1161
2649
1093
1474
2901
530
2815
366
314
1868
834
2508
403
1855
1453
1080
517
820
1260
1581
2432
2988
44
41
499
524
2904
656
1302
1576
2956
2220
651
291
1774
1942
1414
2048
21
324
2340
1905
394
1982
2719
1689
683
1686
1575
1960
174
1708
2117
947
2883
2707
1161
2885
1138
1460
2283
1358
2739
260
1726
2917
524
645
672
725
2109
14
2591
2290
1079
32
326
919
907
238
2988
654
952
367
582
2635
2740
1332
682
2805
1763
1920
2892
1729
2398
1529
206
2428
794
754
2472
1941
193
1786
1312
1462
22
1821
1075
2853
1706
1412
1593
955
1195
83
2246
207
324
2880
1060
1232
168
547
518
1982
2040
1678
2648
468
1164
2946
714
1812
1046
3
2715
198
610
2569
490
1831
1913
205
2008
834
2645
1052
2538
2909
1671
1371
922
363
92
2463
1100
1689
2502
351
2142
1551
119
1225
1377
1422
1056
2061
2149
1936
2119
1914
1952
632
983
27
526
1079
2721
2518
1941
2016
65
2993
2632
433
2403
249
939
1574
564
544
526
2308
1389
2058
1746
2126
1026
1876
1000
2024
1441
2802
753
686
1694
1500
2616
2287
2604
2300
2316
1820
285
2022
2393
2999
50
1876
2526
2169
2374
2053
42
1724
1356
1706
1760
2370
2514
1869
2049
136
901
750
696
211
619
2539
2736
1589
1688
1555
1034
164
840
191
1659
600
2844
2141
1762
2006
535
1187
1176
117
480
100
1967
1516
1930
2586
2741
1103
1686
2265
2850
1516
938
380
1644
2014
115
462
1092
2541
1230
158
481
80
293
1728
547
129
629
84
826
1627
1027
1326
437
1842
1311
2881
1718
2014
1608
112
1434
2046
1895
1715
2950
581
2488
2314
853
2684
547
2193
1575
532
1745
120
460
2197
1354
950
710
840
1835
2650
787
950
1852
1445
2225
1619
1424
1391
1637
2891
1070
1412
1468
2439
1260
2531
2250
603
291
2491
1977
2247
989
1722
113
24
627
188
398
1371
179
1396
2071
2477
1575
418
2475
2890
1537
1161
1662
2096
1882
1644
49
327
1898
372
375
2127
1689
2112
1411
2406
332
2546
2887
588
2411
1506
936
1781
48
425
2237
443
994
116
2822
1165
2319
1995
2722
2609
912
1541
1784
729
534
2818
1583
460
178
1317
2841
1844
450
2107
2042
1135
280
2460
1742
1468
1564
2861
1273
1836
218
2016
2208
939
2406
2553
908
2209
212
2373
183
2466
396
2961
935
662
330
2588
959
133
292
466
565
155
524
135
502
20
533
316
285
788
163
2152
2571
1453
611
1198
2585
1070
2969
543
649
2565
497
2268
330
2857
2349
635
1873
1038
509
2307
1340
1397
292
797
2931
1343
191
121
1488
2279
1193
1242
2365
1945
2865
1287
2436
1715
2221
351
2513
1518
328
2784
260
121
2310
1021
2659
1170
17
2105
813
465
1924
2100
2528
2980
2188
1593
1484
601
2007
1513
2449
403
668
1144
1794
315
2322
801
557
2634
461
1721
146
1633
2971
13
1
134
844
2801
2209
443
312
959
2859
772
970
2120
277
1181
2826
1201
378
2614
89
1060
2326
740
301
2890
24
1957
2748
1339
1768
2031
2670
826
2288
757
1515
1799
2614
407
811
458
279
2021
2196
1521
936
2281
174
462
782
382
395
280
1893
1048
2786
2756
478
2985
2370
753
2561
2149
1155
421
1426
2923
2425
934
656
1313
1882
1657
376
1755
2039
585
624
287
1847
356
2832
792
2054
2176
171
276
2812
1077
2322
780
650
2847
2954
2433
2744
1955
2316
2493
1882
1955
634
125
521
1312
1210
1185
1101
2283
1235
588
128
1432
635
471
2662
2719
443
2909
337
96
1050
1642
2312
298
1638
1325
1807
433
1786
2711
955
2322
1969
2022
2476
796
1081
2355
1988
292
442
2453
1894
1732
1653
1367
1424
2834
866
1621
2907
2417
985
878
1745
166
2922
1086
358
1217
1720
2107
38
2630
441
2330
1606
2039
2225
2606
199
176
1307
1668
2134
926
2105
1173
2839
1933
83
81
2279
2028
1035
20
1872
1839
1441
2888
735
833
1483
1247
2657
2540
1748
99
1972
1623
1797
173
2251
186
1410
1062
73
1745
867
556
2479
867
1482
429
24
30
1884
313
513
1896
1008
2815
2854
2028
517
615
2320
2848
457
2951
1475
127
843
2788
83
1360
1066
855
2838
1673
2823
1449
1804
1585
1100
2572
956
2705
912
888
873
1734
2875
2183
1265
2239
1964
934
2029
1893
2314
1272
1812
1147
1790
824
1267
1411
1840
763
2879
2931
2313
1327
291
2090
1349
108
133
1595
595
1622
2754
1349
2373
2188
1410
2204
506
96
1150
408
1363
1971
1350
2815
635
1492
151
2226
2431
1877
2954
1945
2780
2715
1247
1516
968
408
1744
1207
2873
1846
1498
2936
1730
1409
238
336
164
818
1503
332
2913
1588
2651
872
1004
589
44
959
2156
1947
745
1361
2406
1920
1829
1032
1282
2515
2105
2433
2718
220
1165
1892
2503
1628
481
184
2223
1143
2698
2735
1816
2015
977
1168
854
1182
1389
919
914
136
736
2237
66
2346
1151
1637
1734
435
2939
253
2062
1757
1565
501
1296
88
391
2223
1381
84
837
1810
1843
520
689
1741
509
1604
2334
2877
934
1015
1973
1139
1500
1390
547
1293
1489
2818
1484
2439
350
1468
64
1798
1632
144
1459
2761
1452
1459
2723
1452
2374
843
1866
890
461
34
1644
2934
1115
1725
10
1470
2752
2799
2676
1149
1438
1989
1518
1308
2800
2166
1113
180
1931
233
578
2578
2590
2171
1440
2319
238
1963
2799
2531
1978
2444
2537
2390
1446
1679
2516
1642
467
1898
1375
504
442
664
1574
2470
169
774
853
2650
1767
688
1776
958
465
726
1521
1056
1751
1574
1123
1868
1176
1967
339
1760
370
1247
119
2084
807
1938
1063
500
625
175
551
467
1885
848
2910
2349
1149
2647
2337
1770
32
2384
2993
602
2076
167
83
2729
2844
1142
350
1337
1876
2698
2439
2838
2473
835
1480
626
2846
1926
1847
2214
256
2961
1154
1073
2227
819
1145
1752
1006
429
428
1426
914
2009
1755
1111
2320
477
1524
709
2832
1356
423
1118
2861
34
2094
2185
2933
1057
1904
1387
2703
645
2461
2426
1717
1504
1523
206
2705
2594
2998
1540
676
1201
479
2513
2297
241
1379
415
449
1417
2164
815
2855
2642
781
1563
1035
1636
2151
2750
1244
2550
2153
667
2502
1650
1188
1127
4
259
348
1268
47
267
1898
2818
508
1382
2350
1324
291
637
2778
1485
3
1919
2474
1941
1140
1115
1304
940
2589
2298
1388
1433
2563
1636
2104
1263
2891
618
2769
2685
1990
1828
1081
688
1387
1342
1082
1384
2763
2323
61
1756
254
702
1785
1042
67
2665
2943
2487
252
2765
1561
207
2719
2572
1451
450
729
54
2489
36
1942
694
1080
2254
1796
640
1762
1390
1085
793
2801
224
2906
2811
1356
1199
868
2260
975
2485
1630
762
1676
74
1055
1133
2328
516
412
2096
969
1356
874
1622
979
2793
377
277
2146
1947
452
1002
1921
702
68
985
1025
760
348
1670
2613
2009
976
581
426
2758
1567
674
2556
874
1631
2374
1956
2074
487
263
2678
2179
1959
2515
1334
2923
1388
529
634
1192
849
2988
1707
920
1511
116
1885
831
2748
451
1414
2943
1378
1905
931
143
2630
2100
2958
1114
497
2831
1108
674
427
182
2659
1673
931
627
1072
812
2827
1112
2670
2733
2256
1410
1955
2131
2688
1503
684
696
2588
2052
1689
830
429
1573
659
2847
123
1017
2706
601
576
928
1251
1186
1946
2381
1927
2253
784
1386
2607
816
1412
1509
498
793
910
2541
1913
2709
1986
2352
1482
2917
1584
1781
568
326
2897
624
852
355
73
1200
965
753
1288
1041
218
431
1650
238
1848
264
774
2871
2016
2574
612
2138
1383
2644
2039
753
1041
848
2363
2944
2848
1715
1856
346
1454
2086
12
2735
266
1324
1246
2364
2478
734
1014
2159
2383
63
2963
1621
255
1980
1909
1529
2037
399
1865
2459
227
2609
810
1451
1031
1113
2108
2713
723
38
435
675
248
1508
915
66
895
2991
2553
881
1072
1121
2102
642
275
2489
2988
911
2412
1027
2953
2098
652
333
1169
2626
1378
1581
1544
2194
392
1637
628
1312
2442
496
2720
2631
1745
2852
2902
2793
2550
1996
2612
2364
386
64
287
2167
1090
2275
1397
1746
1392
1985
1660
112
60
1443
1352
1242
897
2953
2930
2088
324
802
460
1110
2376
195
384
626
2037
682
120
1870
142
13
2329
1998
897
1476
2465
1615
330
1512
2151
2161
2177
494
1841
1171
1282
764
2056
1954
1403
983
2801
2349
2311
583
605
1736
1945
2295
2487
2603
333
2260
1293
1199
1616
1122
1560
1372
2015
1438
2238
1058
1413
1251
175
1418
1959
2428
2836
607
2401
2835
339
1607
2243
2396
1951
840
1574
2633
61
2921
1841
26
1305
270
2520
2912
407
1127
1484
2327
1925
2686
637
2934
2197
627
2723
708
1929
1637
2788
2553
2183
1719
1512
2966
372
1157
2961
914
2877
1346
2678
1609
2336
2712
815
1011
2505
1914
1074
2519
2600
2585
2156
362
872
633
259
568
2891
1368
2288
2382
569
2195
234
1305
1247
1900
925
1646
1851
1451
1490
1007
1478
760
624
2775
1811
2867
1808
1610
1428
2208
2550
2068
1979
650
2971
877
2462
299
1440
1629
1116
2549
2733
1506
756
632
2159
1730
1324
2609
2039
2687
1703
51
575
167
1336
2460
2328
1685
867
606
1992
1080
555
329
2951
549
2790
442
2736
59
2988
2578
2340
547
1174
2918
2217
1442
1372
2198
170
141
415
2019
2705
224
2029
1386
1536
107
2778
2320
140
1273
1403
1857
1610
534
878
2306
2972
948
246
630
668
2890
1667
80
1257
2602
1342
967
1583
2061
2602
1047
2601
742
221
2449
489
2656
542
1049
344
1340
240
1880
762
770
1140
1534
2416
388
1734
2589
657
2898
766
661
2562
101
807
2567
362
292
2836
2873
2107
2956
357
1493
58
520
761
2118
952
621
2022
2912
2713
583
411
730
433
1142
1567
1139
1278
1623
2235
1038
1985
1544
1978
2300
2982
1828
1057
1109
1675
2615
2232
594
134
2391
448
242
926
1367
1847
2582
2443
1273
1903
643
2090
1286
2582
516
73
253
2438
2698
2361
1247
539
905
353
1875
1317
783
630
2875
2979
2044
1296
2361
1568
1569
1576
1463
938
255
1870
1914
196
884
112
1922
1846
948
2636
1625
1571
954
2246
717
704
1930
869
1540
12
868
2671
1347
42
2895
989
2923
635
1728
2994
1760
1761
2125
1892
2119
463
2418
1517
260
2484
2991
52
1101
2918
380
276
1479
2978
1666
1446
123
1906
896
1050
2324
768
998
1145
415
2455
1962
2254
2799
2064
1333
1531
2061
2562
2120
2959
2841
1155
2440
1109
1575
155
2395
144
616
104
2014
498
2564
1459
2206
2524
1745
881
1439
432
1395
78
2643
274
976
708
2098
1661
638
1186
403
689
660
2904
549
2978
1962
2086
1740
2957
1198
2163
1099
1843
1667
947
2930
2200
1399
458
36
781
2874
2902
1504
1425
1095
1161
1210
2966
80
2579
2486
1280
2890
2662
56
2216
2042
779
1874
2511
2290
346
627
2494
1245
422
1017
882
2402
415
2187
2597
2592
2761
1189
2567
127
2442
480
1252
1278
137
2213
623
2511
2418
990
1228
387
2374
2370
2538
691
639
1947
1023
1684
2576
1934
2422
894
1219
2198
2412
1569
501
2300
1673
2005
1676
31
969
93
992
813
1978
1958
1391
1875
2103
2113
1107
2767
2275
1707
934
1735
1986
1734
1446
357
441
2030
2227
946
1646
338
908
644
90
452
2442
133
2458
671
2645
257
709
484
1578
708
2280
817
486
309
301
543
1012
2307
2098
1710
1018
2707
2422
191
1298
2915
1574
2285
2644
1014
2878
777
145
1692
1403
1865
2594
1733
1717
85
2543
987
866
1238
1147
2721
756
1146
764
1987
1413
2624
217
1795
1881
1468
869
1093
754
1848
832
1312
2193
536
1772
2410
1184
1368
1596
790
1092
2956
1689
925
1320
571
2862
102
1829
1601
1115
1155
133
2496
1960
1138
1135
2683
175
2124
708
1166
179
1669
1448
509
968
1481
724
2943
2864
1000
1697
1390
724
1653
1143
2030
228
753
2155
40
2349
2814
2951
1307
2529
2675
2971
2253
117
1908
2257
2419
691
2602
1350
2603
2312
2422
2308
2730
1184
2405
1789
159
845
1257
1227
2771
1335
341
954
451
1445
2026
910
2411
1673
746
1217
785
626
936
2516
2147
979
658
1295
662
2689
981
356
701
985
732
638
1322
40
1804
2383
2940
2700
1774
1430
893
2344
210
144
1782
1669
2644
2325
505
1843
1470
355
1139
2575
610
2528
1964
2438
2578
224
1428
320
2670
1887
356
1184
2017
1240
390
64
2473
2444
314
2977
721
431
2471
807
2844
1740
586
811
2464
2184
1301
2363
1493
892
503
1132
1537
1740
652
255
393
1436
1705
1609
1374
1203
342
2741
217
1559
2240
356
1244
1744
2786
909
391
97
855
2559
2636
192
1159
1731
1320
1463
1084
726
1326
1987
1919
2612
2033
250
1172
1393
1301
185
2583
1960
2059
659
2297
1895
1159
1206
2803
441
1200
1392
333
403
2316
2447
2332
2603
2101
1773
2086
913
2220
1122
1379
273
384
2564
2754
1777
1563
2065
2917
1878
2034
1941
2802
1835
2023
927
830
777
1756
2093
2920
2058
2349
1385
1232
2710
1955
2211
1850
1865
2105
1325
1771
1196
2693
1078
1590
2192
1524
2606
740
1209
1290
824
1110
639
262
2173
968
351
1134
2109
963
2200
3
2985
2151
2114
403
364
2572
1105
2287
1192
203
880
1137
1548
2950
2047
116
339
568
2967
200
480
2562
2516
320
901
2859
17
2178
1755
1108
1722
1330
868
1805
1186
2411
2484
223
69
676
1614
551
1592
2978
2251
1868
1669
1575
2573
1341
2514
1295
2801
1194
345
275
2275
2541
538
949
2396
300
1140
1262
2782
2143
2434
1727
360
392
922
210
396
2108
1762
2476
1014
1636
580
1345
1632
1384
192
2540
2816
393
2079
1770
2651
353
2981
98
1746
1802
2049
2731
2011
2031
1679
2138
1491
1979
1932
246
1710
2092
713
1337
9
1243
936
1934
2887
843
1091
1426
2248
268
2365
2129
1496
1259
2664
1501
1483
2520
2677
877
2230
619
2643
912
2081
979
1806
1604
1936
173
1976
240
521
1365
1246
2938
80
2676
217
349
581
423
773
2675
1775
1215
1174
1819
1754
402
1838
1000
1228
390
2731
981
1334
69
1365
568
46
1498
893
2354
65
2790
529
1592
1357
1758
1389
922
1564
2629
699
990
916
1426
2411
2272
2884
1230
677
1231
17
1964
811
2255
